20
+------+-------------------------------------------------------------------------------------------------------------------------------------------------------------------------------------------------------------------------------------------------------------------------+---------------------+
| id   | vec                                                                                                                                                                                                                                                                     |      fitness        |
+======+=========================================================================================================================================================================================================================================================================+=====================+
| P0   | [0.07144470438737868, -1.024341258927964e-12, -2.234254875776415e-14, 7.518054647321033e-11, -1.801621324121818e-10, -1.3903926150219416e-15, 1.0363630046234666e-15, 1.972934634335282e-05, -1.8376799350638052e-06, -7.682037245173995e-09, 7.433548643729261e-10]    |  227461522284.22757 |
+------+-------------------------------------------------------------------------------------------------------------------------------------------------------------------------------------------------------------------------------------------------------------------------+---------------------+
| P1   | [0.04141639993961189, -1.0117081002184981e-12, -1.2994472471499564e-14, 7.893352705113582e-11, -1.604137146808921e-10, -1.485052578582483e-15, 1.0198774026946e-15, 2.0174164573336113e-05, -1.8350397232297526e-06, -7.936364861853528e-09, 7.44044375654244e-10]      |  268713619435.57886 |
+------+-------------------------------------------------------------------------------------------------------------------------------------------------------------------------------------------------------------------------------------------------------------------------+---------------------+
| P2   | [-0.12826988257084007, -1.3783500660791644e-12, -6.618301505877671e-14, 4.627780406755569e-11, -1.7964979058119056e-10, -1.3330380203323678e-15, 7.763006729384186e-16, 2.2757658578306265e-05, -1.9193275505106666e-06, -8.894106807593951e-09, 7.758133607867065e-10] |  268713619435.57886 |
+------+-------------------------------------------------------------------------------------------------------------------------------------------------------------------------------------------------------------------------------------------------------------------------+---------------------+
| P3   | [0.07144470438737868, -1.024341258927964e-12, -2.234254875776415e-14, 9.627692254659337e-11, -1.4144146412890146e-10, -1.0412962729379248e-15, 1.0363630046234666e-15, 1.972934634335282e-05, -1.8376799350638052e-06, -6.11701556608308e-09, 7.433548643729261e-10]    |  292509351292.8799  |
+------+-------------------------------------------------------------------------------------------------------------------------------------------------------------------------------------------------------------------------------------------------------------------------+---------------------+
| P4   | [0.04141639993961189, -1.0117081002184981e-12, -1.422344708773207e-14, 8.710065295095013e-11, -1.7524789424838665e-10, -1.485052578582483e-15, 1.1552465337253611e-15, 2.0572378361663383e-05, -1.628991899515007e-06, -7.936364861853528e-09, 5.462479733472592e-10]   |  340500934882.61804 |
+------+-------------------------------------------------------------------------------------------------------------------------------------------------------------------------------------------------------------------------------------------------------------------------+---------------------+
| P5   | [-0.12826988257084007, -1.3221700638811528e-12, -6.618301505877671e-14, 4.627780406755569e-11, -1.7964979058119056e-10, -1.4522373305650281e-15, 5.501194599678627e-16, 1.6928452656119433e-05, -1.9193275505106666e-06, -6.867870302034162e-09, 6.726049415641975e-10] |  1194483479039.056  |
+------+-------------------------------------------------------------------------------------------------------------------------------------------------------------------------------------------------------------------------------------------------------------------------+---------------------+
| P6   | [0.08812257593203583, -1.2434870084530232e-12, -1.674654259607718e-14, 7.518054647321033e-11, -1.801621324121818e-10, -1.4568824955640904e-15, 1.0363630046234666e-15, 1.972934634335282e-05, -1.6387355461575529e-06, -5.651869919431512e-09, 7.725274436577139e-10]   |  1396665637006.1628 |
+------+-------------------------------------------------------------------------------------------------------------------------------------------------------------------------------------------------------------------------------------------------------------------------+---------------------+
| P7   | [0.03523998918426694, -1.0117081002184981e-12, -1.2994472471499564e-14, 7.893352705113582e-11, -1.1860894152791612e-10, -1.485052578582483e-15, 1.3056718502199423e-15, 2.0174164573336113e-05, -1.8173906685170283e-06, -8.514787778320894e-09, 7.44044375654244e-10]  |  1543521244986.0142 |
+------+-------------------------------------------------------------------------------------------------------------------------------------------------------------------------------------------------------------------------------------------------------------------------+---------------------+
| P8   | [-0.145084268911607, -1.3783500660791644e-12, -6.618301505877671e-14, 3.251509206967353e-11, -1.7964979058119056e-10, -9.981623666600635e-16, 7.763006729384186e-16, 2.2757658578306265e-05, -1.9310458981608398e-06, -9.548634903429014e-09, 8.454728370578283e-10]    |  2910722668525.732  |
+------+-------------------------------------------------------------------------------------------------------------------------------------------------------------------------------------------------------------------------------------------------------------------------+---------------------+
| P9   | [0.07144470438737868, -1.1489288731161062e-12, -2.234254875776415e-14, 8.125670083540924e-11, -1.801621324121818e-10, -1.3903926150219416e-15, 1.0363630046234666e-15, 1.6768181394913317e-05, -1.8376799350638052e-06, -5.69316260123793e-09, 5.434501708458112e-10]   |  5280109616099.31   |
+------+-------------------------------------------------------------------------------------------------------------------------------------------------------------------------------------------------------------------------------------------------------------------------+---------------------+
| P10  | [0.047184625790294844, -1.0117081002184981e-12, -1.2994472471499564e-14, 7.893352705113582e-11, -1.9247678661747403e-10, -1.485052578582483e-15, 1.0198774026946e-15, 2.0174164573336113e-05, -2.377693689608935e-06, -1.0020879623735209e-08, 7.44044375654244e-10]    |  9351481152874.473  |
+------+-------------------------------------------------------------------------------------------------------------------------------------------------------------------------------------------------------------------------------------------------------------------------+---------------------+
| P11  | [-0.12826988257084007, -1.561532256752684e-12, -4.893649728392038e-14, 4.7030092869370307e-11, -1.6953174799707257e-10, -1.5741876217350529e-15, 8.610227727299008e-16, 2.2757658578306265e-05, -2.1640251278935483e-06, -8.894106807593951e-09, 7.758133607867065e-10] |  9929363039073.482  |
+------+-------------------------------------------------------------------------------------------------------------------------------------------------------------------------------------------------------------------------------------------------------------------------+---------------------+
| P12  | [0.07144470438737868, -1.119955952479052e-12, -2.234254875776415e-14, 7.518054647321033e-11, -1.363149393789821e-10, -1.171865621470783e-15, 9.9118123073491e-16, 1.7517805652149366e-05, -1.643820608253183e-06, -6.2166620304727474e-09, 6.581384284971805e-10]       |  10905345305047.67  |
+------+-------------------------------------------------------------------------------------------------------------------------------------------------------------------------------------------------------------------------------------------------------------------------+---------------------+
| P13  | [0.034120854861637594, -1.1038994081709107e-12, -9.751195775238662e-15, 7.893352705113582e-11, -1.604137146808921e-10, -1.485052578582483e-15, 1.0664444800255005e-15, 2.1091678231319236e-05, -1.8632671165752922e-06, -5.70771448801447e-09, 7.44044375654244e-10]    |  20076801423314.824 |
+------+-------------------------------------------------------------------------------------------------------------------------------------------------------------------------------------------------------------------------------------------------------------------------+---------------------+ 
| P14  | [-0.1647023320648312, -1.3783500660791644e-12, -6.618301505877671e-14, 4.3695185573455413e-11, -1.7964979058119056e-10, -1.3330380203323678e-15, 7.763006729384186e-16, 1.7926809046949045e-05, -2.3838580010590117e-06, -6.405116723935932e-09, 7.758133607867065e-10] |  25021797085540.64  |
+------+-------------------------------------------------------------------------------------------------------------------------------------------------------------------------------------------------------------------------------------------------------------------------+---------------------+
| P15  | [0.07144470438737868, -1.1108259761960623e-12, -2.234254875776415e-14, 5.4828205832823184e-11, -1.9106671273448288e-10, -1.3903926150219416e-15, 1.31949215443932e-15, 1.972934634335282e-05, -2.280316600901714e-06, -7.682037245173995e-09, 7.433548643729261e-10]    |  27994433620917.06  |
+------+-------------------------------------------------------------------------------------------------------------------------------------------------------------------------------------------------------------------------------------------------------------------------+---------------------+
| P16  | [0.0466828886267574, -8.962469040311406e-13, -1.2994472471499564e-14, 6.33873672624067e-11, -1.604137146808921e-10, -1.7150970273329634e-15, 1.0198774026946e-15, 2.1515529821334757e-05, -1.8350397232297526e-06, -6.541004115419129e-09, 7.44044375654244e-10]        |  29875876056356.36  |
+------+-------------------------------------------------------------------------------------------------------------------------------------------------------------------------------------------------------------------------------------------------------------------------+---------------------+
| P17  | [-0.12826988257084007, -1.3783500660791644e-12, -8.506582240146595e-14, 3.770475856663682e-11, -1.6542529115084238e-10, -1.161791150000213e-15, 7.763006729384186e-16, 2.2757658578306265e-05, -1.5430357126661288e-06, -8.490822660046785e-09, 7.758133607867065e-10]  |  30242281088252.695 |
+------+-------------------------------------------------------------------------------------------------------------------------------------------------------------------------------------------------------------------------------------------------------------------------+---------------------+
| P18  | [0.07144470438737868, -1.0083462381605529e-12, -2.4479324046479617e-14, 6.341213491376858e-11, -1.801621324121818e-10, -1.7139254451987334e-15, 1.0363630046234666e-15, 1.972934634335282e-05, -1.4659421392047532e-06, -9.96667596723528e-09, 9.187170341302074e-10]   |  63425336474716.47  |
+------+-------------------------------------------------------------------------------------------------------------------------------------------------------------------------------------------------------------------------------------------------------------------------+---------------------+
| P19  | [0.04141639993961189, -1.0117081002184981e-12, -1.3592066770983757e-14, 7.893352705113582e-11, -1.2531151403983765e-10, -1.485052578582483e-15, 8.751655611794948e-16, 2.1015786822793542e-05, -1.9614419340955956e-06, -9.467885222272088e-09, 7.44044375654244e-10]   |  65428574175419.625 |
+------+-------------------------------------------------------------------------------------------------------------------------------------------------------------------------------------------------------------------------------------------------------------------------+---------------------+



+------+--------------------------------------------------------------------------------------------------------------------------------------------------------------------------------------------------------------------------------------------------------------------------+
| id   | vec                                                                                                                                                                                                                                                                      |
+======+==========================================================================================================================================================================================================================================================================+
| C0   | [0.07144470438737868, -1.119955952479052e-12, -2.234254875776415e-14, 7.518054647321033e-11, -1.363149393789821e-10, -1.171865621470783e-15, 1.0363630046234666e-15, 1.7517805652149366e-05, -1.643820608253183e-06, -6.2166620304727474e-09, 6.581384284971805e-10]     |
+------+--------------------------------------------------------------------------------------------------------------------------------------------------------------------------------------------------------------------------------------------------------------------------+
| C1   | [0.07144470438737868, -1.024341258927964e-12, -2.234254875776415e-14, 7.518054647321033e-11, -1.801621324121818e-10, -1.3903926150219416e-15, 1.0363630046234666e-15, 1.972934634335282e-05, -1.8376799350638052e-06, -7.682037245173995e-09, 7.433548643729261e-10]     |
+------+--------------------------------------------------------------------------------------------------------------------------------------------------------------------------------------------------------------------------------------------------------------------------+
| C2   | [0.03523998918426694, -1.0117081002184981e-12, -1.2994472471499564e-14, 7.893352705113582e-11, -1.1860894152791612e-10, -1.485052578582483e-15, 1.3056718502199423e-15, 2.0174164573336113e-05, -1.812224643455608e-06, -8.514787778320894e-09, 7.44044375654244e-10]    |
+------+--------------------------------------------------------------------------------------------------------------------------------------------------------------------------------------------------------------------------------------------------------------------------+
| C3   | [0.04141639993961189, -1.0117081002184981e-12, -1.2994472471499564e-14, 7.893352705113582e-11, -1.604137146808921e-10, -1.485052578582483e-15, 1.0198774026946e-15, 2.0174164573336113e-05, -1.8350397232297526e-06, -7.936364861853528e-09, 7.44044375654244e-10]       |
+------+--------------------------------------------------------------------------------------------------------------------------------------------------------------------------------------------------------------------------------------------------------------------------+
| C4   | [-0.1335339772661754, -1.3548655849568657e-12, -6.277613466694457e-14, 3.548832743701572e-11, -1.757399471896529e-10, -1.0293490966452213e-15, 8.102084319435116e-16, 2.2592178295527207e-05, -1.9234350522324353e-06, -9.482413997057998e-09, 8.389760499769913e-10]    |
+------+--------------------------------------------------------------------------------------------------------------------------------------------------------------------------------------------------------------------------------------------------------------------------+
| C5   | [0.02368969753883534, -1.0351925813407968e-12, -1.6401352863331698e-14, 7.596029168379363e-11, -1.225187849194538e-10, -1.4538658485973253e-15, 1.2717640912148494e-15, 2.033964485611517e-05, -1.8198354893840126e-06, -8.58100868469191e-09, 7.505411627350811e-10]    |
+------+--------------------------------------------------------------------------------------------------------------------------------------------------------------------------------------------------------------------------------------------------------------------------+
| C6   | [-0.16880571130193178, -1.4502028065050865e-12, -7.508126160418715e-14, 3.6129543320854e-11, -1.874048884974767e-10, -1.3922524907734511e-15, 7.235161352781883e-16, 2.3372311458548926e-05, -1.9358994684985523e-06, -9.457769665931136e-09, 7.824014226380575e-10]     |
+------+--------------------------------------------------------------------------------------------------------------------------------------------------------------------------------------------------------------------------------------------------------------------------+
| C7   | [0.1119805331184704, -9.524885185020424e-13, -1.3444302212353717e-14, 1.0642518329329508e-10, -1.3368636621261531e-10, -9.820818024968418e-16, 1.0891475422836973e-15, 1.9114693463110164e-05, -1.82110801707592e-06, -5.553352707745898e-09, 7.367668025215753e-10]     |
+------+--------------------------------------------------------------------------------------------------------------------------------------------------------------------------------------------------------------------------------------------------------------------------+
| C8   | [0.0715513448584818, -1.0241139480095258e-12, -2.237852435596594e-14, 9.63264755238362e-11, -1.4138725724074663e-10, -1.0400283870662846e-15, 1.036277056824697e-15, 1.972545393364221e-05, -1.8376068282132191e-06, -6.1181850076155814e-09, 7.433528943240485e-10]     |
+------+--------------------------------------------------------------------------------------------------------------------------------------------------------------------------------------------------------------------------------------------------------------------------+
| C9   | [0.03401421439053448, -1.1041267190893494e-12, -9.715220177036874e-15, 7.888397407389302e-11, -1.6046792156904696e-10, -1.4863204644541236e-15, 1.0665304278242705e-15, 2.1095570641029852e-05, -1.8633402234258788e-06, -5.7065450464819686e-09, 7.440463457031218e-10] |
+------+--------------------------------------------------------------------------------------------------------------------------------------------------------------------------------------------------------------------------------------------------------------------------+
| C10  | [0.011437389025567138, -1.1138284981670104e-12, -3.551509026813513e-14, 6.649627355768133e-11, -1.8000819143924842e-10, -1.4089748097708505e-15, 8.902636627015963e-16, 1.8887774811975983e-05, -1.8622122152706824e-06, -7.437408281119532e-09, 7.22096963312873e-10]   |
+------+--------------------------------------------------------------------------------------------------------------------------------------------------------------------------------------------------------------------------------------------------------------------------+
| C11  | [-0.06826256720902853, -1.2326828246421066e-12, -5.301047354840573e-14, 5.49620769830847e-11, -1.7980373155412395e-10, -1.4336551358161194e-15, 6.962188018897332e-16, 1.7770024187496272e-05, -1.8947952703037897e-06, -7.1124992660886254e-09, 6.938628426242507e-10]  |
+------+--------------------------------------------------------------------------------------------------------------------------------------------------------------------------------------------------------------------------------------------------------------------------+
| C12  | [-0.13183162199859885, -1.5750763295631825e-12, -4.96682154842757e-14, 4.6697086717266865e-11, -1.697173755726951e-10, -1.5713189470508816e-15, 8.57788763945963e-16, 2.2782946197003435e-05, -2.1707227084973147e-06, -8.942011956960339e-09, 7.764601230308917e-10]    |
+------+--------------------------------------------------------------------------------------------------------------------------------------------------------------------------------------------------------------------------------------------------------------------------+
| C13  | [0.05024462805451616, -8.827028312206423e-13, -1.2262754271144239e-14, 6.372037341451015e-11, -1.6022808710526955e-10, -1.7179657020171347e-15, 1.0231114114785379e-15, 2.1490242202637587e-05, -1.828342142625986e-06, -6.493098966052742e-09, 7.433976134100588e-10]   |
+------+--------------------------------------------------------------------------------------------------------------------------------------------------------------------------------------------------------------------------------------------------------------------------+
| C14  | [0.04670203575763512, -1.013931811393589e-12, -1.5132342249898894e-14, 7.827292070216484e-11, -1.349664179194054e-10, -1.4683903626122578e-15, 9.035398232802175e-16, 2.078934527036708e-05, -1.9396571258281e-06, -9.153537069524623e-09, 7.439230066461536e-10]        |
+------+--------------------------------------------------------------------------------------------------------------------------------------------------------------------------------------------------------------------------------------------------------------------------+
| C15  | [0.06615906856935545, -1.0221175477528735e-12, -2.0802273278849015e-14, 7.584115282218133e-11, -1.7050722853261406e-10, -1.4070548309921671e-15, 1.0079887425227441e-15, 1.9955787895779288e-05, -1.8594647433313011e-06, -7.996385397921462e-09, 7.434762333810168e-10] |
+------+--------------------------------------------------------------------------------------------------------------------------------------------------------------------------------------------------------------------------------------------------------------------------+
| C16  | [0.0447321844449099, -1.0168328925332057e-12, -1.373792319362818e-14, 7.847707685241235e-11, -1.9229749538289532e-10, -1.4829277726072179e-15, 1.0164727729224303e-15, 2.0210275742963637e-05, -2.371286809094156e-06, -1.0005129990015494e-08, 7.444884313434796e-10]   |
+------+--------------------------------------------------------------------------------------------------------------------------------------------------------------------------------------------------------------------------------------------------------------------------+
| C17  | [-0.12581744122545513, -1.373225273764457e-12, -6.54395643366481e-14, 4.673425426627917e-11, -1.798290818157693e-10, -1.3351628263076335e-15, 7.797053027105884e-16, 2.272154740867874e-05, -1.9257344310254454e-06, -8.909856441313667e-09, 7.753693050974711e-10]      |
+------+--------------------------------------------------------------------------------------------------------------------------------------------------------------------------------------------------------------------------------------------------------------------------+
| C18  | [0.08046122949040725, -1.1000200835321397e-12, -2.1141910346084682e-14, 7.645145650260026e-11, -1.3481529834970585e-10, -1.1537019686794007e-15, 1.044279099419136e-15, 1.7281241732786006e-05, -1.620334907075895e-06, -6.0957832884010104e-09, 6.528257520565375e-10]  |
+------+--------------------------------------------------------------------------------------------------------------------------------------------------------------------------------------------------------------------------------------------------------------------------+
| C19  | [-0.13728640767386865, -1.5814681256995965e-12, -5.0137135695599857e-14, 4.57591828399804e-11, -1.7103138902634885e-10, -1.5923512745264357e-15, 8.531066779342317e-16, 2.299422249766963e-05, -2.1875108290708365e-06, -9.014985549665688e-09, 7.811260372273497e-10]   |
+------+--------------------------------------------------------------------------------------------------------------------------------------------------------------------------------------------------------------------------------------------------------------------------+
+------+--------------------------------------------------------------------------------------------------------------------------------------------------------------------------------------------------------------------------------------------------------------------------+--------+
| id   | vec                                                                                                                                                                                                                                                                      | mut?   |
+======+==========================================================================================================================================================================================================================================================================+========+
| M0   | [0.07144470438737868, -1.119955952479052e-12, -2.234254875776415e-14, 7.518054647321033e-11, -1.363149393789821e-10, -1.171865621470783e-15, 1.0363630046234666e-15, 1.7517805652149366e-05, -1.643820608253183e-06, -6.2166620304727474e-09, 6.581384284971805e-10]     | False  |
+------+--------------------------------------------------------------------------------------------------------------------------------------------------------------------------------------------------------------------------------------------------------------------------+--------+
| M1   | [0.07144470438737868, -1.024341258927964e-12, -2.234254875776415e-14, 7.518054647321033e-11, -1.801621324121818e-10, -1.3903926150219416e-15, 1.0363630046234666e-15, 1.972934634335282e-05, -1.8376799350638052e-06, -7.682037245173995e-09, 7.433548643729261e-10]     | False  |
+------+--------------------------------------------------------------------------------------------------------------------------------------------------------------------------------------------------------------------------------------------------------------------------+--------+
| M2   | [0.03523998918426694, -1.0117081002184981e-12, -1.2994472471499564e-14, 7.893352705113582e-11, -1.1860894152791612e-10, -1.485052578582483e-15, 1.3056718502199423e-15, 2.0174164573336113e-05, -1.812224643455608e-06, -8.514787778320894e-09, 7.44044375654244e-10]    | False  |
+------+--------------------------------------------------------------------------------------------------------------------------------------------------------------------------------------------------------------------------------------------------------------------------+--------+
| M3   | [0.04141639993961189, -1.0117081002184981e-12, -1.2994472471499564e-14, 7.893352705113582e-11, -1.604137146808921e-10, -1.485052578582483e-15, 1.0198774026946e-15, 2.0174164573336113e-05, -1.8350397232297526e-06, -7.936364861853528e-09, 7.44044375654244e-10]       | False  |
+------+--------------------------------------------------------------------------------------------------------------------------------------------------------------------------------------------------------------------------------------------------------------------------+--------+
| M4   | [-0.1335339772661754, -1.3548655849568657e-12, -6.277613466694457e-14, 3.548832743701572e-11, -1.757399471896529e-10, -1.0293490966452213e-15, 8.102084319435116e-16, 2.2592178295527207e-05, -1.9234350522324353e-06, -9.482413997057998e-09, 8.390845746248741e-10]    | True   |
+------+--------------------------------------------------------------------------------------------------------------------------------------------------------------------------------------------------------------------------------------------------------------------------+--------+
| M5   | [0.02368969753883534, -1.0351925813407968e-12, -1.6401352863331698e-14, 7.596029168379363e-11, -1.225187849194538e-10, -1.4538658485973253e-15, 1.2231518221918635e-15, 2.033964485611517e-05, -1.8198354893840126e-06, -8.58100868469191e-09, 7.505411627350811e-10]    | True   |
+------+--------------------------------------------------------------------------------------------------------------------------------------------------------------------------------------------------------------------------------------------------------------------------+--------+
| M6   | [-0.16880571130193178, -1.4502028065050865e-12, -7.508126160418715e-14, 3.790635067362551e-11, -1.874048884974767e-10, -1.3922524907734511e-15, 7.235161352781883e-16, 2.3372311458548926e-05, -1.9358994684985523e-06, -9.457769665931136e-09, 7.824014226380575e-10]   | True   |
+------+--------------------------------------------------------------------------------------------------------------------------------------------------------------------------------------------------------------------------------------------------------------------------+--------+
| M7   | [0.1119805331184704, -9.524885185020424e-13, -1.3972774469701094e-14, 1.0642518329329508e-10, -1.3368636621261531e-10, -9.820818024968418e-16, 1.0891475422836973e-15, 1.9114693463110164e-05, -1.82110801707592e-06, -5.553352707745898e-09, 7.367668025215753e-10]     | True   |
+------+--------------------------------------------------------------------------------------------------------------------------------------------------------------------------------------------------------------------------------------------------------------------------+--------+
| M8   | [0.0715513448584818, -1.0241139480095258e-12, -2.237852435596594e-14, 9.63264755238362e-11, -1.4138725724074663e-10, -1.0173853539454782e-15, 1.036277056824697e-15, 1.972545393364221e-05, -1.8376068282132191e-06, -6.1181850076155814e-09, 7.433528943240485e-10]     | True   |
+------+--------------------------------------------------------------------------------------------------------------------------------------------------------------------------------------------------------------------------------------------------------------------------+--------+
| M9   | [0.03401421439053448, -1.1041267190893494e-12, -9.715220177036874e-15, 7.888397407389302e-11, -1.6046792156904696e-10, -1.4216861692911745e-15, 1.0665304278242705e-15, 2.1095570641029852e-05, -1.8633402234258788e-06, -5.7065450464819686e-09, 7.440463457031218e-10] | True   |
+------+--------------------------------------------------------------------------------------------------------------------------------------------------------------------------------------------------------------------------------------------------------------------------+--------+
| M10  | [0.011437389025567138, -1.1138284981670104e-12, -3.551509026813513e-14, 6.649627355768133e-11, -1.8000819143924842e-10, -1.4524819813594942e-15, 8.902636627015963e-16, 1.8887774811975983e-05, -1.8622122152706824e-06, -7.437408281119532e-09, 7.22096963312873e-10]   | True   |
+------+--------------------------------------------------------------------------------------------------------------------------------------------------------------------------------------------------------------------------------------------------------------------------+--------+
| M11  | [-0.06826256720902853, -1.2326828246421066e-12, -5.4517894834626315e-14, 5.49620769830847e-11, -1.7980373155412395e-10, -1.4336551358161194e-15, 6.962188018897332e-16, 1.7770024187496272e-05, -1.8947952703037897e-06, -7.1124992660886254e-09, 6.938628426242507e-10] | True   |
+------+--------------------------------------------------------------------------------------------------------------------------------------------------------------------------------------------------------------------------------------------------------------------------+--------+
| M12  | [-0.13183162199859885, -1.5750763295631825e-12, -4.96682154842757e-14, 4.6697086717266865e-11, -1.697173755726951e-10, -1.5269335493517621e-15, 8.57788763945963e-16, 2.2782946197003435e-05, -2.1707227084973147e-06, -8.942011956960339e-09, 7.764601230308917e-10]    | True   |
+------+--------------------------------------------------------------------------------------------------------------------------------------------------------------------------------------------------------------------------------------------------------------------------+--------+
| M13  | [0.05024462805451616, -8.827028312206423e-13, -1.2262754271144239e-14, 6.372037341451015e-11, -1.664949013881089e-10, -1.7179657020171347e-15, 1.0231114114785379e-15, 2.1490242202637587e-05, -1.828342142625986e-06, -6.493098966052742e-09, 7.433976134100588e-10]    | True   |
+------+--------------------------------------------------------------------------------------------------------------------------------------------------------------------------------------------------------------------------------------------------------------------------+--------+
| M14  | [0.04670203575763512, -1.013931811393589e-12, -1.5132342249898894e-14, 7.827292070216484e-11, -1.349664179194054e-10, -1.4683903626122578e-15, 9.462519962902995e-16, 2.078934527036708e-05, -1.9396571258281e-06, -9.153537069524623e-09, 7.439230066461536e-10]        | True   |
+------+--------------------------------------------------------------------------------------------------------------------------------------------------------------------------------------------------------------------------------------------------------------------------+--------+
| M15  | [0.06615906856935545, -1.0221175477528735e-12, -2.0802273278849015e-14, 7.584115282218133e-11, -1.7050722853261406e-10, -1.4070548309921671e-15, 1.0079887425227441e-15, 1.9955787895779288e-05, -1.8346863865063723e-06, -7.996385397921462e-09, 7.434762333810168e-10] | True   |
+------+--------------------------------------------------------------------------------------------------------------------------------------------------------------------------------------------------------------------------------------------------------------------------+--------+
| M16  | [0.0447321844449099, -1.0168328925332057e-12, -1.373792319362818e-14, 7.847707685241235e-11, -1.9229749538289532e-10, -1.5208171054723566e-15, 1.0164727729224303e-15, 2.0210275742963637e-05, -2.371286809094156e-06, -1.0005129990015494e-08, 7.444884313434796e-10]   | True   |
+------+--------------------------------------------------------------------------------------------------------------------------------------------------------------------------------------------------------------------------------------------------------------------------+--------+
| M17  | [-0.12581744122545513, -1.373225273764457e-12, -6.54395643366481e-14, 4.673425426627917e-11, -1.798290818157693e-10, -1.3351628263076335e-15, 7.797053027105884e-16, 2.272154740867874e-05, -1.9257344310254454e-06, -8.82438829270469e-09, 7.753693050974711e-10]       | True   |
+------+--------------------------------------------------------------------------------------------------------------------------------------------------------------------------------------------------------------------------------------------------------------------------+--------+
| M18  | [0.08046122949040725, -1.1000200835321397e-12, -2.1141910346084682e-14, 7.645145650260026e-11, -1.3481529834970585e-10, -1.1537019686794007e-15, 1.02110463800243e-15, 1.7281241732786006e-05, -1.620334907075895e-06, -6.0957832884010104e-09, 6.528257520565375e-10]   | True   |
+------+--------------------------------------------------------------------------------------------------------------------------------------------------------------------------------------------------------------------------------------------------------------------------+--------+
| M19  | [-0.13728640767386865, -1.5814681256995965e-12, -5.0137135695599857e-14, 4.57591828399804e-11, -1.7103138902634885e-10, -1.5923512745264357e-15, 8.672413596163337e-16, 2.299422249766963e-05, -2.1875108290708365e-06, -9.014985549665688e-09, 7.811260372273497e-10]   | True   |
+------+--------------------------------------------------------------------------------------------------------------------------------------------------------------------------------------------------------------------------------------------------------------------------+--------+