20
+------+---------------------------------------------------------------------------------------------------------------------------------------------------------------------------------------------------------------------------------------------------------------------------+-------------+
| id   | vec                                                                                                                                                                                                                                                                       |     fitness |
+======+===========================================================================================================================================================================================================================================================================+=============+
| P0   | [0.07144470438737868, -1.119955952479052e-12, -2.234254875776415e-14, 7.518054647321033e-11, -1.363149393789821e-10, -1.171865621470783e-15, 1.0363630046234666e-15, 1.7517805652149366e-05, -1.643820608253183e-06, -6.2166620304727474e-09, 6.581384284971805e-10]      | 2.27462e+11 |
+------+---------------------------------------------------------------------------------------------------------------------------------------------------------------------------------------------------------------------------------------------------------------------------+-------------+
| P1   | [0.04089673378121227, -1.0117081002184981e-12, -1.2994472471499564e-14, 7.937378184676173e-11, -1.604137146808921e-10, -1.485052578582483e-15, 1.0198774026946e-15, 2.0174164573336113e-05, -1.8350397232297526e-06, -7.936364861853528e-09, 7.44044375654244e-10]        | 2.92509e+11 |
+------+---------------------------------------------------------------------------------------------------------------------------------------------------------------------------------------------------------------------------------------------------------------------------+-------------+
| P2   | [0.06823780246382927, -1.0221175477528735e-12, -2.0802273278849015e-14, 7.584115282218133e-11, -1.7050722853261406e-10, -1.4070548309921671e-15, 1.0079887425227441e-15, 1.9955787895779288e-05, -1.8346863865063723e-06, -7.996385397921462e-09, 7.434762333810168e-10]  | 2.99394e+11 |
+------+---------------------------------------------------------------------------------------------------------------------------------------------------------------------------------------------------------------------------------------------------------------------------+-------------+
| P3   | [0.08046122949040725, -1.1136075369327564e-12, -2.1141910346084682e-14, 7.125326979584275e-11, -1.3481529834970585e-10, -1.1537019686794007e-15, 1.02110463800243e-15, 1.6932113369328485e-05, -1.620334907075895e-06, -6.0957832884010104e-09, 6.528257520565375e-10]    | 3.73188e+11 |
+------+---------------------------------------------------------------------------------------------------------------------------------------------------------------------------------------------------------------------------------------------------------------------------+-------------+
| P4   | [-0.11817970161890119, -1.3592565367143253e-12, -6.366368036935533e-14, 4.789226527586557e-11, -1.7945821410855167e-10, -1.338023032549327e-15, 8.239738233208918e-16, 2.1618171612668106e-05, -1.922112106312563e-06, -8.928023763069466e-09, 7.74100446853909e-10]      | 4.47248e+11 |
+------+---------------------------------------------------------------------------------------------------------------------------------------------------------------------------------------------------------------------------------------------------------------------------+-------------+
| P5   | [0.0585213289628015, -1.0360862848030052e-12, -2.330685720537812e-14, 7.468314181259493e-11, -1.7087809623983168e-10, -1.4041946247504736e-15, 1.0003644210891711e-15, 2.002466572296022e-05, -1.8383087112192547e-06, -8.03498612870213e-09, 7.447450916245789e-10]      | 4.77819e+11 |
+------+---------------------------------------------------------------------------------------------------------------------------------------------------------------------------------------------------------------------------------------------------------------------------+-------------+
| P6   | [0.07361502801468481, -1.0522935423454853e-12, -1.9130152288104575e-14, 6.954653495897632e-11, -1.4742239343450159e-10, -1.2815476899154405e-15, 1.0215593144015187e-15, 1.8234878603204773e-05, -1.667463286023651e-06, -6.185803444520753e-09, 6.733466968812883e-10]   | 5.27117e+11 |
+------+---------------------------------------------------------------------------------------------------------------------------------------------------------------------------------------------------------------------------------------------------------------------------+-------------+
| P7   | [0.05709082953023861, -9.043042346940603e-13, -1.4274512329124348e-14, 6.542710825137658e-11, -1.6330187381120014e-10, -1.5901199807810949e-15, 1.022656735079449e-15, 2.053660533221882e-05, -1.7137041233595913e-06, -6.403078809933e-09, 7.228766685853081e-10]        | 1.15007e+12 |
+------+---------------------------------------------------------------------------------------------------------------------------------------------------------------------------------------------------------------------------------------------------------------------------+-------------+
| P8   | [0.02324156296553284, -1.0614581814434209e-12, -1.6471313124840162e-14, 7.604213783598347e-11, -1.2230497195372427e-10, -1.4590851271948054e-15, 1.2266650381871037e-15, 2.0392824665652627e-05, -1.8233044248192498e-06, -8.624222024432592e-09, 7.167644117506565e-10]  | 1.1973e+12  |
+------+---------------------------------------------------------------------------------------------------------------------------------------------------------------------------------------------------------------------------------------------------------------------------+-------------+
| P9   | [0.08182819594004698, -1.1144988173042776e-12, -2.1221735141377253e-14, 7.117142364365294e-11, -1.350291113154354e-10, -1.1484826900819208e-15, 1.0175914220071899e-15, 1.7228061923248557e-05, -1.616865971640658e-06, -6.052569948660328e-09, 6.517329816506141e-10]    | 1.37517e+12 |
+------+---------------------------------------------------------------------------------------------------------------------------------------------------------------------------------------------------------------------------------------------------------------------------+-------------+
| P10  | [0.1079861028152531, -9.537554252631213e-13, -1.4245170290355798e-14, 1.0691928249886176e-10, -1.3324715966117508e-10, -9.73567547283569e-16, 1.1063352638434942e-15, 1.974553316935059e-05, -1.8433109471473784e-06, -5.54247974329572e-09, 7.366900833322951e-10]       | 1.44804e+12 |
+------+---------------------------------------------------------------------------------------------------------------------------------------------------------------------------------------------------------------------------------------------------------------------------+-------------+
| P11  | [0.049584194321066574, -8.417233333457106e-13, -1.2240079851790676e-14, 6.322627420894349e-11, -1.7208603103935765e-10, -1.726479957230408e-15, 1.0223473664011302e-15, 2.1510197784053054e-05, -1.8281709328760395e-06, -6.503971930502921e-09, 7.43474332599339e-10]    | 1.63375e+12 |
+------+---------------------------------------------------------------------------------------------------------------------------------------------------------------------------------------------------------------------------------------------------------------------------+-------------+
| P12  | [0.039347367016421685, -1.0251701189776464e-12, -1.1987914998237531e-14, 7.98581840555701e-11, -1.6042886640000432e-10, -1.4790440766084544e-15, 1.032917692527883e-15, 2.0459319469898664e-05, -1.8429501797105192e-06, -7.313093453673185e-09, 7.676339552141659e-10]   | 1.68777e+12 |
+------+---------------------------------------------------------------------------------------------------------------------------------------------------------------------------------------------------------------------------------------------------------------------------+-------------+
| P13  | [0.036083247313724684, -1.0464078867179776e-12, -1.0399963427459427e-14, 8.062238010875007e-11, -1.6045276984993474e-10, -1.4695650250876697e-15, 1.0038833934025524e-15, 2.0909181676419384e-05, -1.8554297669451122e-06, -6.329816454662312e-09, 7.440457950419744e-10] | 2.55501e+12 |
+------+---------------------------------------------------------------------------------------------------------------------------------------------------------------------------------------------------------------------------------------------------------------------------+-------------+
| P14  | [0.0503503260471544, -8.409702267016169e-13, -1.2253993606609094e-14, 6.353295937992691e-11, -1.7178131548002063e-10, -1.7526421786717257e-15, 1.0231501313929065e-15, 2.1505999244907303e-05, -1.8282619543009747e-06, -6.4758191329940755e-09, 7.433898699002589e-10]   | 3.61149e+12 |
+------+---------------------------------------------------------------------------------------------------------------------------------------------------------------------------------------------------------------------------------------------------------------------------+-------------+
| P15  | [0.04131070194697365, -1.0137281136236704e-12, -1.2537619253106434e-14, 7.956119588134497e-11, -1.6027922368878884e-10, -1.4822639726147034e-15, 1.0198386827802313e-15, 2.0158407531066398e-05, -1.835119911554764e-06, -7.953644694912195e-09, 7.44052119164044e-10]    | 3.96911e+12 |
+------+---------------------------------------------------------------------------------------------------------------------------------------------------------------------------------------------------------------------------------------------------------------------------+-------------+
| P16  | [-0.13651054430864523, -1.3963410521029743e-12, -6.879295722420292e-14, 4.4647249443731137e-11, -1.810705202753829e-10, -1.3255787220317128e-15, 8.033357194586213e-16, 2.1783784847694232e-05, -1.867985038783987e-06, -9.032500349900794e-09, 7.773722531687259e-10]    | 5.37481e+12 |
+------+---------------------------------------------------------------------------------------------------------------------------------------------------------------------------------------------------------------------------------------------------------------------------+-------------+
| P17  | [0.052109503022802, -9.88592321879981e-13, -9.641079583944745e-15, 8.146078666930978e-11, -1.5917227622127854e-10, -1.4946366828584041e-15, 1.0328911851232977e-15, 2.0077429165490923e-05, -1.8605135924128038e-06, -7.870489005802866e-09, 7.420414275829894e-10]       | 1.07018e+13 |
+------+---------------------------------------------------------------------------------------------------------------------------------------------------------------------------------------------------------------------------------------------------------------------------+-------------+
| P18  | [0.06891531504574777, -1.0287766298900422e-12, -2.295364156375044e-14, 9.566412877535375e-11, -1.4190068085572775e-10, -1.021629545276754e-15, 1.033339735260536e-15, 1.9751652727977843e-05, -1.8387838481105752e-06, -6.366621706604675e-09, 7.608922359732318e-10]     | 1.09511e+13 |
+------+---------------------------------------------------------------------------------------------------------------------------------------------------------------------------------------------------------------------------------------------------------------------------+-------------+
| P19  | [-0.1231814114127211, -1.3685625918839406e-12, -6.486444712886359e-14, 4.739660101476161e-11, -1.7931565820078816e-10, -1.3309186349763576e-15, 8.192868234514797e-16, 2.1738265132259e-05, -1.924557411128089e-06, -8.931429157474235e-09, 7.749416984076291e-10]        | 5.32965e+13 |
+------+---------------------------------------------------------------------------------------------------------------------------------------------------------------------------------------------------------------------------------------------------------------------------+-------------+


+------+--------------------------------------------------------------------------------------------------------------------------------------------------------------------------------------------------------------------------------------------------------------------------+
| id   | vec                                                                                                                                                                                                                                                                      |
+======+==========================================================================================================================================================================================================================================================================+
| C0   | [0.08046122949040725, -1.1136075369327564e-12, -2.1141910346084682e-14, 7.125326979584275e-11, -1.3481529834970585e-10, -1.1537019686794007e-15, 1.02110463800243e-15, 1.6932113369328485e-05, -1.620334907075895e-06, -6.0957832884010104e-09, 6.528257520565375e-10]   |
+------+--------------------------------------------------------------------------------------------------------------------------------------------------------------------------------------------------------------------------------------------------------------------------+
| C1   | [0.04131070194697365, -1.0137281136236704e-12, -1.2537619253106434e-14, 7.956119588134497e-11, -1.6027922368878884e-10, -1.4822639726147034e-15, 1.0198386827802313e-15, 2.0158407531066398e-05, -1.8330095043826336e-06, -7.953644694912195e-09, 7.44052119164044e-10]  |
+------+--------------------------------------------------------------------------------------------------------------------------------------------------------------------------------------------------------------------------------------------------------------------------+
| C2   | [0.04141639993961189, -1.0117081002184981e-12, -1.2994472471499564e-14, 7.937378184676173e-11, -1.604137146808921e-10, -1.485052578582483e-15, 1.0198774026946e-15, 2.0174164573336113e-05, -1.8350397232297526e-06, -7.936364861853528e-09, 7.44044375654244e-10]       |
+------+--------------------------------------------------------------------------------------------------------------------------------------------------------------------------------------------------------------------------------------------------------------------------+
| C3   | [0.06823780246382927, -1.0221175477528735e-12, -2.1290781917046326e-14, 7.584115282218133e-11, -1.7050722853261406e-10, -1.3877442966350558e-15, 1.0292409473099452e-15, 1.9955787895779288e-05, -1.8346863865063723e-06, -7.996385397921462e-09, 7.434762333810168e-10] |
+------+--------------------------------------------------------------------------------------------------------------------------------------------------------------------------------------------------------------------------------------------------------------------------+
| C4   | [0.047307171576636914, -1.028641880607479e-12, -1.3822842796136873e-14, 7.831953433061548e-11, -1.565422815171362e-10, -1.4328653270814911e-15, 1.0195060948127282e-15, 1.9724725022352982e-05, -1.8010208989186096e-06, -7.672291238512152e-09, 7.303891590503059e-10]  |
+------+--------------------------------------------------------------------------------------------------------------------------------------------------------------------------------------------------------------------------------------------------------------------------+
| C5   | [0.0758317263103837, -1.099585050320469e-12, -1.9936511598346814e-14, 7.241308519438242e-11, -1.3876605348708806e-10, -1.197881335615133e-15, 1.017924009974693e-15, 1.7661744431961973e-05, -1.6488545771046821e-06, -6.3339234050603695e-09, 6.653959417643524e-10]    |
+------+--------------------------------------------------------------------------------------------------------------------------------------------------------------------------------------------------------------------------------------------------------------------------+
| C6   | [-0.16435576860492573, -1.4472344418657165e-12, -7.525312526384461e-14, 4.040496250983625e-11, -1.825070995324125e-10, -1.3171243711389027e-15, 7.726132162571052e-16, 2.2032387515023957e-05, -1.8568035289374908e-06, -9.173409195756603e-09, 7.819820206643764e-10]   |
+------+--------------------------------------------------------------------------------------------------------------------------------------------------------------------------------------------------------------------------------------------------------------------------+
| C7   | [0.09608302676010975, -9.71224157990131e-13, -1.4830613877404643e-14, 8.00834397560762e-11, -1.6907064927558445e-10, -1.3961986475278659e-15, 1.0599634505114613e-15, 1.9707185228449562e-05, -1.8320386057059081e-06, -7.855476552065654e-09, 7.388664658853663e-10]    |
+------+--------------------------------------------------------------------------------------------------------------------------------------------------------------------------------------------------------------------------------------------------------------------------+
| C8   | [0.058948722056903415, -1.0352914299754738e-12, -2.2970620158658256e-14, 7.483608092348098e-11, -1.7053690331094799e-10, -1.4068310119976416e-15, 1.001000645151502e-15, 2.0029540158237374e-05, -1.8474624644817727e-06, -8.03177056563261e-09, 7.44722244661967e-10]   |
+------+--------------------------------------------------------------------------------------------------------------------------------------------------------------------------------------------------------------------------------------------------------------------------+
| C9   | [0.04200731102029361, -1.0125029550460296e-12, -1.3330709518219429e-14, 7.922084273587569e-11, -1.6075490760977582e-10, -1.4824161913353151e-15, 1.019241178632269e-15, 2.016929013805896e-05, -1.8354584205026609e-06, -7.939580424923048e-09, 7.440672226168559e-10]   |
+------+--------------------------------------------------------------------------------------------------------------------------------------------------------------------------------------------------------------------------------------------------------------------------+
| C10  | [0.06017089736830655, -1.0350725123967248e-12, -2.3160541794832443e-14, 7.476718374161647e-11, -1.7085118074656924e-10, -1.4030007524155717e-15, 1.0024601170255176e-15, 2.0019666957477703e-05, -1.8469235591449532e-06, -8.032184704665922e-09, 7.446530050264714e-10] |
+------+--------------------------------------------------------------------------------------------------------------------------------------------------------------------------------------------------------------------------------------------------------------------------+
| C11  | [0.06760653823310786, -1.023131320159154e-12, -2.1437097327592004e-14, 7.575711089315979e-11, -1.705341440258765e-10, -1.3889381689699577e-15, 1.0271452513735987e-15, 1.9960786661261805e-05, -1.8356439891161001e-06, -7.99918682195767e-09, 7.435683199791242e-10]    |
+------+--------------------------------------------------------------------------------------------------------------------------------------------------------------------------------------------------------------------------------------------------------------------------+
| C12  | [0.04675959193503972, -8.06215227861274e-13, -1.0273942628424747e-14, 5.7586842867826295e-11, -1.773109534693819e-10, -1.88759349014419e-15, 1.0212644679405922e-15, 2.183065436915389e-05, -1.826314798075508e-06, -6.496026944671956e-09, 7.471645266659913e-10]       |
+------+--------------------------------------------------------------------------------------------------------------------------------------------------------------------------------------------------------------------------------------------------------------------------+
| C13  | [0.0733443943817825, -1.0635316287303852e-12, -2.4933692541934787e-14, 1.0161024528745437e-10, -1.3637104286636652e-10, -8.884512970979168e-16, 1.0352253987128505e-15, 1.9426997603731255e-05, -1.840731004336042e-06, -6.3464138949267936e-09, 7.192180117506443e-10]  |
+------+--------------------------------------------------------------------------------------------------------------------------------------------------------------------------------------------------------------------------------------------------------------------------+
| C14  | [0.07212255165639006, -1.0475442139120153e-12, -2.25528228169268e-14, 9.026358712234719e-11, -1.4033314472832754e-10, -1.0522294156163558e-15, 1.030632900878901e-15, 1.9127871329647785e-05, -1.7904552495101258e-06, -6.306702710719647e-09, 7.074692756147811e-10]    |
+------+--------------------------------------------------------------------------------------------------------------------------------------------------------------------------------------------------------------------------------------------------------------------------+
| C15  | [0.07809233810368503, -1.0948399529107835e-12, -2.1542729092908323e-14, 7.665381144884932e-11, -1.3638283447710606e-10, -1.124875161633426e-15, 1.0238114723840652e-15, 1.7555894767658546e-05, -1.6686635056763444e-06, -6.155702284286038e-09, 6.683491449581332e-10]  |
+------+--------------------------------------------------------------------------------------------------------------------------------------------------------------------------------------------------------------------------------------------------------------------------+
| C16  | [-0.10609006940494461, -1.3378938745441785e-12, -6.112191706133838e-14, 5.2481843031550575e-11, -1.721065488564285e-10, -1.3044979258338735e-15, 8.405097149287851e-16, 2.159093273730013e-05, -1.973721796819564e-06, -8.68086759531781e-09, 7.721135699061579e-10]     |
+------+--------------------------------------------------------------------------------------------------------------------------------------------------------------------------------------------------------------------------------------------------------------------------+
| C17  | [0.09089476080747663, -9.844241426028832e-13, -1.7987700357881004e-14, 1.0257312437059314e-10, -1.3634960260968881e-10, -9.99988256426053e-16, 1.0851123723661886e-15, 1.9892865564309455e-05, -1.85372264504984e-06, -5.793041305452144e-09, 7.395182118337662e-10]     |
+------+--------------------------------------------------------------------------------------------------------------------------------------------------------------------------------------------------------------------------------------------------------------------------+
| C18  | [0.04006435372888396, -1.0093345094905732e-12, -1.213208545649933e-14, 7.974238039524092e-11, -1.6116104134649535e-10, -1.495102108956243e-15, 1.0210239605860028e-15, 2.0229538594422983e-05, -1.8408343940248116e-06, -8.02548663668406e-09, 7.476055261661148e-10]    |
+------+--------------------------------------------------------------------------------------------------------------------------------------------------------------------------------------------------------------------------------------------------------------------------+
| C19  | [0.07269105260546838, -1.124349556612149e-12, -2.2748082554371252e-14, 7.499936195931438e-11, -1.3807696358679556e-10, -1.1590274851292435e-15, 9.899959529291384e-16, 1.836748130479676e-05, -1.635995718611005e-06, -6.1448200887008836e-09, 6.545850214951098e-10]    |
+------+--------------------------------------------------------------------------------------------------------------------------------------------------------------------------------------------------------------------------------------------------------------------------+


+------+--------------------------------------------------------------------------------------------------------------------------------------------------------------------------------------------------------------------------------------------------------------------------+--------+
| id   | vec                                                                                                                                                                                                                                                                      | mut?   |
+======+==========================================================================================================================================================================================================================================================================+========+
| M0   | [0.08046122949040725, -1.1136075369327564e-12, -2.1141910346084682e-14, 7.125326979584275e-11, -1.277938941622218e-10, -1.1537019686794007e-15, 1.02110463800243e-15, 1.6932113369328485e-05, -1.620334907075895e-06, -6.0957832884010104e-09, 6.528257520565375e-10]    | True   |
+------+--------------------------------------------------------------------------------------------------------------------------------------------------------------------------------------------------------------------------------------------------------------------------+--------+
| M1   | [0.04131070194697365, -1.0137281136236704e-12, -1.2537619253106434e-14, 7.583106437505115e-11, -1.6027922368878884e-10, -1.4822639726147034e-15, 1.0198386827802313e-15, 2.0158407531066398e-05, -1.8330095043826336e-06, -7.953644694912195e-09, 7.44052119164044e-10]  | True   |
+------+--------------------------------------------------------------------------------------------------------------------------------------------------------------------------------------------------------------------------------------------------------------------------+--------+
| M2   | [0.04141639993961189, -1.0117081002184981e-12, -1.2994472471499564e-14, 7.937378184676173e-11, -1.604137146808921e-10, -1.485052578582483e-15, 1.0198774026946e-15, 2.0174164573336113e-05, -1.8350397232297526e-06, -7.936364861853528e-09, 7.44044375654244e-10]       | False  |
+------+--------------------------------------------------------------------------------------------------------------------------------------------------------------------------------------------------------------------------------------------------------------------------+--------+
| M3   | [0.06823780246382927, -1.0221175477528735e-12, -2.1290781917046326e-14, 7.584115282218133e-11, -1.7050722853261406e-10, -1.3877442966350558e-15, 1.0334693655839296e-15, 1.9955787895779288e-05, -1.8346863865063723e-06, -7.996385397921462e-09, 7.434762333810168e-10] | True   |
+------+--------------------------------------------------------------------------------------------------------------------------------------------------------------------------------------------------------------------------------------------------------------------------+--------+
| M4   | [0.047307171576636914, -1.028641880607479e-12, -1.3822842796136873e-14, 7.831953433061548e-11, -1.565422815171362e-10, -1.4328653270814911e-15, 1.0195060948127282e-15, 1.9724725022352982e-05, -1.8010208989186096e-06, -7.672291238512152e-09, 6.806651566443516e-10]  | True   |
+------+--------------------------------------------------------------------------------------------------------------------------------------------------------------------------------------------------------------------------------------------------------------------------+--------+
| M5   | [0.0758317263103837, -1.099585050320469e-12, -2.131149086354666e-14, 7.241308519438242e-11, -1.3876605348708806e-10, -1.197881335615133e-15, 1.017924009974693e-15, 1.7661744431961973e-05, -1.6488545771046821e-06, -6.3339234050603695e-09, 6.653959417643524e-10]     | True   |
+------+--------------------------------------------------------------------------------------------------------------------------------------------------------------------------------------------------------------------------------------------------------------------------+--------+
| M6   | [-0.16847719707035366, -1.4472344418657165e-12, -7.525312526384461e-14, 4.040496250983625e-11, -1.825070995324125e-10, -1.3171243711389027e-15, 7.726132162571052e-16, 2.2032387515023957e-05, -1.8568035289374908e-06, -9.173409195756603e-09, 7.819820206643764e-10]   | True   |
+------+--------------------------------------------------------------------------------------------------------------------------------------------------------------------------------------------------------------------------------------------------------------------------+--------+
| M7   | [0.09608302676010975, -9.71224157990131e-13, -1.4280548456574188e-14, 8.00834397560762e-11, -1.6907064927558445e-10, -1.3961986475278659e-15, 1.0599634505114613e-15, 1.9707185228449562e-05, -1.8320386057059081e-06, -7.855476552065654e-09, 7.388664658853663e-10]    | True   |
+------+--------------------------------------------------------------------------------------------------------------------------------------------------------------------------------------------------------------------------------------------------------------------------+--------+
| M8   | [0.058948722056903415, -1.0352914299754738e-12, -2.2970620158658256e-14, 7.483608092348098e-11, -1.7053690331094799e-10, -1.4068310119976416e-15, 1.001000645151502e-15, 2.0029540158237374e-05, -1.8474624644817727e-06, -8.03177056563261e-09, 7.796305507412573e-10]  | True   |
+------+--------------------------------------------------------------------------------------------------------------------------------------------------------------------------------------------------------------------------------------------------------------------------+--------+
| M9   | [0.04200731102029361, -1.0125029550460296e-12, -1.3330709518219429e-14, 7.922084273587569e-11, -1.6075490760977582e-10, -1.4663360178858256e-15, 1.019241178632269e-15, 2.016929013805896e-05, -1.8354584205026609e-06, -7.939580424923048e-09, 7.440672226168559e-10]   | True   |
+------+--------------------------------------------------------------------------------------------------------------------------------------------------------------------------------------------------------------------------------------------------------------------------+--------+
| M10  | [0.06017089736830655, -1.0350725123967248e-12, -2.3160541794832443e-14, 7.476718374161647e-11, -1.7085118074656924e-10, -1.4795284563207368e-15, 1.0024601170255176e-15, 2.0019666957477703e-05, -1.8469235591449532e-06, -8.032184704665922e-09, 7.446530050264714e-10] | True   |
+------+--------------------------------------------------------------------------------------------------------------------------------------------------------------------------------------------------------------------------------------------------------------------------+--------+
| M11  | [0.06760653823310786, -1.023131320159154e-12, -2.008187650622384e-14, 7.575711089315979e-11, -1.705341440258765e-10, -1.3889381689699577e-15, 1.0271452513735987e-15, 1.9960786661261805e-05, -1.8356439891161001e-06, -7.99918682195767e-09, 7.435683199791242e-10]     | True   |
+------+--------------------------------------------------------------------------------------------------------------------------------------------------------------------------------------------------------------------------------------------------------------------------+--------+
| M12  | [0.04675959193503972, -8.06215227861274e-13, -1.0273942628424747e-14, 5.7586842867826295e-11, -1.773109534693819e-10, -1.88759349014419e-15, 1.0212644679405922e-15, 2.183065436915389e-05, -1.826314798075508e-06, -6.496026944671956e-09, 7.781981385240979e-10]       | True   |
+------+--------------------------------------------------------------------------------------------------------------------------------------------------------------------------------------------------------------------------------------------------------------------------+--------+
| M13  | [0.0733443943817825, -1.0635316287303852e-12, -2.4933692541934787e-14, 9.740520457102684e-11, -1.3637104286636652e-10, -8.884512970979168e-16, 1.0352253987128505e-15, 1.9426997603731255e-05, -1.840731004336042e-06, -6.3464138949267936e-09, 7.192180117506443e-10]   | True   |
+------+--------------------------------------------------------------------------------------------------------------------------------------------------------------------------------------------------------------------------------------------------------------------------+--------+
| M14  | [0.07212255165639006, -1.0570273304718467e-12, -2.25528228169268e-14, 9.026358712234719e-11, -1.4033314472832754e-10, -1.0522294156163558e-15, 1.030632900878901e-15, 1.9127871329647785e-05, -1.7904552495101258e-06, -6.306702710719647e-09, 7.074692756147811e-10]    | True   |
+------+--------------------------------------------------------------------------------------------------------------------------------------------------------------------------------------------------------------------------------------------------------------------------+--------+
| M15  | [0.07809233810368503, -1.0948399529107835e-12, -2.1542729092908323e-14, 7.665381144884932e-11, -1.3638283447710606e-10, -1.083566542682868e-15, 1.0238114723840652e-15, 1.7555894767658546e-05, -1.6686635056763444e-06, -6.155702284286038e-09, 6.683491449581332e-10]  | True   |
+------+--------------------------------------------------------------------------------------------------------------------------------------------------------------------------------------------------------------------------------------------------------------------------+--------+
| M16  | [-0.10609006940494461, -1.3378938745441785e-12, -6.112191706133838e-14, 5.2481843031550575e-11, -1.721065488564285e-10, -1.3044979258338735e-15, 8.405097149287851e-16, 2.159093273730013e-05, -1.973721796819564e-06, -8.68086759531781e-09, 8.189069353528707e-10]     | True   |
+------+--------------------------------------------------------------------------------------------------------------------------------------------------------------------------------------------------------------------------------------------------------------------------+--------+
| M17  | [0.09089476080747663, -9.844241426028832e-13, -1.7987700357881004e-14, 1.0257312437059314e-10, -1.3634960260968881e-10, -9.99988256426053e-16, 1.0653460550547298e-15, 1.9892865564309455e-05, -1.85372264504984e-06, -5.793041305452144e-09, 7.395182118337662e-10]     | True   |
+------+--------------------------------------------------------------------------------------------------------------------------------------------------------------------------------------------------------------------------------------------------------------------------+--------+
| M18  | [0.04006435372888396, -1.0093345094905732e-12, -1.213208545649933e-14, 7.974238039524092e-11, -1.6116104134649535e-10, -1.495102108956243e-15, 1.0210239605860028e-15, 2.0229538594422983e-05, -1.8408343940248116e-06, -8.474234099126071e-09, 7.476055261661148e-10]   | True   |
+------+--------------------------------------------------------------------------------------------------------------------------------------------------------------------------------------------------------------------------------------------------------------------------+--------+
| M19  | [0.07269105260546838, -1.124349556612149e-12, -2.3451345780343743e-14, 7.499936195931438e-11, -1.3807696358679556e-10, -1.1590274851292435e-15, 9.899959529291384e-16, 1.836748130479676e-05, -1.635995718611005e-06, -6.1448200887008836e-09, 6.545850214951098e-10]    | True   |
+------+--------------------------------------------------------------------------------------------------------------------------------------------------------------------------------------------------------------------------------------------------------------------------+--------+

_..==.._
