20
+------+--------------------------------------------------------------------------------------------------------------------------------------------------------------------------------------------------------------------------------------------------------------------------+-------------+
| id   | vec                                                                                                                                                                                                                                                                      |     fitness |
+======+==========================================================================================================================================================================================================================================================================+=============+
| P0   | [0.07144470438737868, -1.119955952479052e-12, -2.234254875776415e-14, 7.518054647321033e-11, -1.363149393789821e-10, -1.171865621470783e-15, 1.0363630046234666e-15, 1.7517805652149366e-05, -1.643820608253183e-06, -6.2166620304727474e-09, 6.581384284971805e-10]     | 2.27462e+11 |
+------+--------------------------------------------------------------------------------------------------------------------------------------------------------------------------------------------------------------------------------------------------------------------------+-------------+
| P1   | [0.07144470438737868, -1.024341258927964e-12, -2.234254875776415e-14, 7.518054647321033e-11, -1.801621324121818e-10, -1.3903926150219416e-15, 1.0363630046234666e-15, 1.972934634335282e-05, -1.8376799350638052e-06, -7.682037245173995e-09, 7.433548643729261e-10]     | 2.92509e+11 |
+------+--------------------------------------------------------------------------------------------------------------------------------------------------------------------------------------------------------------------------------------------------------------------------+-------------+
| P2   | [0.03523998918426694, -1.0117081002184981e-12, -1.2994472471499564e-14, 7.893352705113582e-11, -1.1860894152791612e-10, -1.485052578582483e-15, 1.3056718502199423e-15, 2.0174164573336113e-05, -1.812224643455608e-06, -8.514787778320894e-09, 7.44044375654244e-10]    | 2.99394e+11 |
+------+--------------------------------------------------------------------------------------------------------------------------------------------------------------------------------------------------------------------------------------------------------------------------+-------------+
| P3   | [0.04141639993961189, -1.0117081002184981e-12, -1.2994472471499564e-14, 7.893352705113582e-11, -1.604137146808921e-10, -1.485052578582483e-15, 1.0198774026946e-15, 2.0174164573336113e-05, -1.8350397232297526e-06, -7.936364861853528e-09, 7.44044375654244e-10]       | 3.73188e+11 |
+------+--------------------------------------------------------------------------------------------------------------------------------------------------------------------------------------------------------------------------------------------------------------------------+-------------+
| P4   | [-0.1335339772661754, -1.3548655849568657e-12, -6.277613466694457e-14, 3.548832743701572e-11, -1.757399471896529e-10, -1.0293490966452213e-15, 8.102084319435116e-16, 2.2592178295527207e-05, -1.9234350522324353e-06, -9.482413997057998e-09, 8.390845746248741e-10]    | 4.47248e+11 |
+------+--------------------------------------------------------------------------------------------------------------------------------------------------------------------------------------------------------------------------------------------------------------------------+-------------+
| P5   | [0.02368969753883534, -1.0351925813407968e-12, -1.6401352863331698e-14, 7.596029168379363e-11, -1.225187849194538e-10, -1.4538658485973253e-15, 1.2231518221918635e-15, 2.033964485611517e-05, -1.8198354893840126e-06, -8.58100868469191e-09, 7.505411627350811e-10]    | 4.77819e+11 |
+------+--------------------------------------------------------------------------------------------------------------------------------------------------------------------------------------------------------------------------------------------------------------------------+-------------+
| P6   | [-0.16880571130193178, -1.4502028065050865e-12, -7.508126160418715e-14, 3.790635067362551e-11, -1.874048884974767e-10, -1.3922524907734511e-15, 7.235161352781883e-16, 2.3372311458548926e-05, -1.9358994684985523e-06, -9.457769665931136e-09, 7.824014226380575e-10]   | 5.27117e+11 |
+------+--------------------------------------------------------------------------------------------------------------------------------------------------------------------------------------------------------------------------------------------------------------------------+-------------+
| P7   | [0.1119805331184704, -9.524885185020424e-13, -1.3972774469701094e-14, 1.0642518329329508e-10, -1.3368636621261531e-10, -9.820818024968418e-16, 1.0891475422836973e-15, 1.9114693463110164e-05, -1.82110801707592e-06, -5.553352707745898e-09, 7.367668025215753e-10]     | 1.15007e+12 |
+------+--------------------------------------------------------------------------------------------------------------------------------------------------------------------------------------------------------------------------------------------------------------------------+-------------+
| P8   | [0.0715513448584818, -1.0241139480095258e-12, -2.237852435596594e-14, 9.63264755238362e-11, -1.4138725724074663e-10, -1.0173853539454782e-15, 1.036277056824697e-15, 1.972545393364221e-05, -1.8376068282132191e-06, -6.1181850076155814e-09, 7.433528943240485e-10]     | 1.1973e+12  |
+------+--------------------------------------------------------------------------------------------------------------------------------------------------------------------------------------------------------------------------------------------------------------------------+-------------+
| P9   | [0.03401421439053448, -1.1041267190893494e-12, -9.715220177036874e-15, 7.888397407389302e-11, -1.6046792156904696e-10, -1.4216861692911745e-15, 1.0665304278242705e-15, 2.1095570641029852e-05, -1.8633402234258788e-06, -5.7065450464819686e-09, 7.440463457031218e-10] | 1.37517e+12 |
+------+--------------------------------------------------------------------------------------------------------------------------------------------------------------------------------------------------------------------------------------------------------------------------+-------------+
| P10  | [0.011437389025567138, -1.1138284981670104e-12, -3.551509026813513e-14, 6.649627355768133e-11, -1.8000819143924842e-10, -1.4524819813594942e-15, 8.902636627015963e-16, 1.8887774811975983e-05, -1.8622122152706824e-06, -7.437408281119532e-09, 7.22096963312873e-10]   | 1.44804e+12 |
+------+--------------------------------------------------------------------------------------------------------------------------------------------------------------------------------------------------------------------------------------------------------------------------+-------------+
| P11  | [-0.06826256720902853, -1.2326828246421066e-12, -5.4517894834626315e-14, 5.49620769830847e-11, -1.7980373155412395e-10, -1.4336551358161194e-15, 6.962188018897332e-16, 1.7770024187496272e-05, -1.8947952703037897e-06, -7.1124992660886254e-09, 6.938628426242507e-10] | 1.63375e+12 |
+------+--------------------------------------------------------------------------------------------------------------------------------------------------------------------------------------------------------------------------------------------------------------------------+-------------+
| P12  | [-0.13183162199859885, -1.5750763295631825e-12, -4.96682154842757e-14, 4.6697086717266865e-11, -1.697173755726951e-10, -1.5269335493517621e-15, 8.57788763945963e-16, 2.2782946197003435e-05, -2.1707227084973147e-06, -8.942011956960339e-09, 7.764601230308917e-10]    | 1.68777e+12 |
+------+--------------------------------------------------------------------------------------------------------------------------------------------------------------------------------------------------------------------------------------------------------------------------+-------------+
| P13  | [0.05024462805451616, -8.827028312206423e-13, -1.2262754271144239e-14, 6.372037341451015e-11, -1.664949013881089e-10, -1.7179657020171347e-15, 1.0231114114785379e-15, 2.1490242202637587e-05, -1.828342142625986e-06, -6.493098966052742e-09, 7.433976134100588e-10]    | 2.55501e+12 |
+------+--------------------------------------------------------------------------------------------------------------------------------------------------------------------------------------------------------------------------------------------------------------------------+-------------+
| P14  | [0.04670203575763512, -1.013931811393589e-12, -1.5132342249898894e-14, 7.827292070216484e-11, -1.349664179194054e-10, -1.4683903626122578e-15, 9.462519962902995e-16, 2.078934527036708e-05, -1.9396571258281e-06, -9.153537069524623e-09, 7.439230066461536e-10]        | 3.61149e+12 |
+------+--------------------------------------------------------------------------------------------------------------------------------------------------------------------------------------------------------------------------------------------------------------------------+-------------+
| P15  | [0.06615906856935545, -1.0221175477528735e-12, -2.0802273278849015e-14, 7.584115282218133e-11, -1.7050722853261406e-10, -1.4070548309921671e-15, 1.0079887425227441e-15, 1.9955787895779288e-05, -1.8346863865063723e-06, -7.996385397921462e-09, 7.434762333810168e-10] | 3.96911e+12 |
+------+--------------------------------------------------------------------------------------------------------------------------------------------------------------------------------------------------------------------------------------------------------------------------+-------------+
| P16  | [0.0447321844449099, -1.0168328925332057e-12, -1.373792319362818e-14, 7.847707685241235e-11, -1.9229749538289532e-10, -1.5208171054723566e-15, 1.0164727729224303e-15, 2.0210275742963637e-05, -2.371286809094156e-06, -1.0005129990015494e-08, 7.444884313434796e-10]   | 5.37481e+12 |
+------+--------------------------------------------------------------------------------------------------------------------------------------------------------------------------------------------------------------------------------------------------------------------------+-------------+
| P17  | [-0.12581744122545513, -1.373225273764457e-12, -6.54395643366481e-14, 4.673425426627917e-11, -1.798290818157693e-10, -1.3351628263076335e-15, 7.797053027105884e-16, 2.272154740867874e-05, -1.9257344310254454e-06, -8.82438829270469e-09, 7.753693050974711e-10]       | 1.07018e+13 |
+------+--------------------------------------------------------------------------------------------------------------------------------------------------------------------------------------------------------------------------------------------------------------------------+-------------+
| P18  | [0.08046122949040725, -1.1000200835321397e-12, -2.1141910346084682e-14, 7.645145650260026e-11, -1.3481529834970585e-10, -1.1537019686794007e-15, 1.02110463800243e-15, 1.7281241732786006e-05, -1.620334907075895e-06, -6.0957832884010104e-09, 6.528257520565375e-10]   | 1.09511e+13 |
+------+--------------------------------------------------------------------------------------------------------------------------------------------------------------------------------------------------------------------------------------------------------------------------+-------------+
| P19  | [-0.13728640767386865, -1.5814681256995965e-12, -5.0137135695599857e-14, 4.57591828399804e-11, -1.7103138902634885e-10, -1.5923512745264357e-15, 8.672413596163337e-16, 2.299422249766963e-05, -2.1875108290708365e-06, -9.014985549665688e-09, 7.811260372273497e-10]   | 5.32965e+13 |
+------+--------------------------------------------------------------------------------------------------------------------------------------------------------------------------------------------------------------------------------------------------------------------------+-------------+


+------+---------------------------------------------------------------------------------------------------------------------------------------------------------------------------------------------------------------------------------------------------------------------------+
| id   | vec                                                                                                                                                                                                                                                                       |
+======+===========================================================================================================================================================================================================================================================================+
| C0   | [0.07144470438737868, -1.119955952479052e-12, -2.234254875776415e-14, 7.518054647321033e-11, -1.363149393789821e-10, -1.171865621470783e-15, 1.0363630046234666e-15, 1.7517805652149366e-05, -1.643820608253183e-06, -6.2166620304727474e-09, 6.581384284971805e-10]      |
+------+---------------------------------------------------------------------------------------------------------------------------------------------------------------------------------------------------------------------------------------------------------------------------+
| C1   | [0.04141639993961189, -1.0117081002184981e-12, -1.2994472471499564e-14, 7.937378184676173e-11, -1.604137146808921e-10, -1.485052578582483e-15, 1.0198774026946e-15, 2.0174164573336113e-05, -1.8350397232297526e-06, -7.936364861853528e-09, 7.44044375654244e-10]        |
+------+---------------------------------------------------------------------------------------------------------------------------------------------------------------------------------------------------------------------------------------------------------------------------+
| C2   | [0.06615906856935545, -1.0221175477528735e-12, -2.0802273278849015e-14, 7.584115282218133e-11, -1.7050722853261406e-10, -1.4070548309921671e-15, 1.0079887425227441e-15, 1.9955787895779288e-05, -1.8346863865063723e-06, -7.996385397921462e-09, 7.434762333810168e-10]  |
+------+---------------------------------------------------------------------------------------------------------------------------------------------------------------------------------------------------------------------------------------------------------------------------+
| C3   | [0.08046122949040725, -1.1136075369327564e-12, -2.1141910346084682e-14, 7.125326979584275e-11, -1.3481529834970585e-10, -1.1537019686794007e-15, 1.02110463800243e-15, 1.7281241732786006e-05, -1.620334907075895e-06, -6.0957832884010104e-09, 6.528257520565375e-10]    |
+------+---------------------------------------------------------------------------------------------------------------------------------------------------------------------------------------------------------------------------------------------------------------------------+
| C4   | [-0.11817970161890119, -1.3592565367143253e-12, -6.366368036935533e-14, 4.789226527586557e-11, -1.7945821410855167e-10, -1.338023032549327e-15, 8.239738233208918e-16, 2.1618171612668106e-05, -1.922112106312563e-06, -8.928023763069466e-09, 7.74100446853909e-10]      |
+------+---------------------------------------------------------------------------------------------------------------------------------------------------------------------------------------------------------------------------------------------------------------------------+
| C5   | [0.0585213289628015, -1.0360862848030052e-12, -2.2578157246141794e-14, 7.468314181259493e-11, -1.7087809623983168e-10, -1.4041946247504736e-15, 1.0003644210891711e-15, 2.002466572296022e-05, -1.8383087112192547e-06, -8.03498612870213e-09, 7.447450916245789e-10]     |
+------+---------------------------------------------------------------------------------------------------------------------------------------------------------------------------------------------------------------------------------------------------------------------------+
| C6   | [0.07361502801468481, -1.0522935423454853e-12, -1.9130152288104575e-14, 6.954653495897632e-11, -1.4316024902642308e-10, -1.2815476899154405e-15, 1.0215593144015187e-15, 1.8234878603204773e-05, -1.667463286023651e-06, -6.185803444520753e-09, 6.733466968812883e-10]   |
+------+---------------------------------------------------------------------------------------------------------------------------------------------------------------------------------------------------------------------------------------------------------------------------+
| C7   | [0.05709082953023861, -9.043042346940603e-13, -1.4274512329124348e-14, 6.542710825137658e-11, -1.6330187381120014e-10, -1.5901199807810949e-15, 1.022656735079449e-15, 2.053660533221882e-05, -1.7812137636782303e-06, -6.403078809933e-09, 7.228766685853081e-10]        |
+------+---------------------------------------------------------------------------------------------------------------------------------------------------------------------------------------------------------------------------------------------------------------------------+
| C8   | [0.02324156296553284, -1.0614581814434209e-12, -1.6471313124840162e-14, 7.604213783598347e-11, -1.2230497195372427e-10, -1.4590851271948054e-15, 1.2266650381871037e-15, 2.0392824665652627e-05, -1.8233044248192498e-06, -8.624222024432592e-09, 7.167644117506565e-10]  |
+------+---------------------------------------------------------------------------------------------------------------------------------------------------------------------------------------------------------------------------------------------------------------------------+
| C9   | [0.0814391661333448, -1.1144988173042776e-12, -2.1221735141377253e-14, 7.117142364365294e-11, -1.350291113154354e-10, -1.1484826900819208e-15, 1.0175914220071899e-15, 1.7228061923248557e-05, -1.616865971640658e-06, -6.052569948660328e-09, 6.517329816506141e-10]     |
+------+---------------------------------------------------------------------------------------------------------------------------------------------------------------------------------------------------------------------------------------------------------------------------+
| C10  | [0.1079861028152531, -9.537554252631213e-13, -1.4245170290355798e-14, 1.0691928249886176e-10, -1.3324715966117508e-10, -9.73567547283569e-16, 1.0899115873611054e-15, 1.974553316935059e-05, -1.8433109471473784e-06, -5.54247974329572e-09, 7.366900833322951e-10]       |
+------+---------------------------------------------------------------------------------------------------------------------------------------------------------------------------------------------------------------------------------------------------------------------------+
| C11  | [0.049584194321066574, -8.417233333457106e-13, -1.2240079851790676e-14, 6.322627420894349e-11, -1.7208603103935765e-10, -1.726479957230408e-15, 1.0223473664011302e-15, 2.1510197784053054e-05, -1.8281709328760395e-06, -6.503971930502921e-09, 7.43474332599339e-10]    |
+------+---------------------------------------------------------------------------------------------------------------------------------------------------------------------------------------------------------------------------------------------------------------------------+
| C12  | [0.039347367016421685, -1.0251701189776464e-12, -1.1987914998237531e-14, 7.98581840555701e-11, -1.6042886640000432e-10, -1.4790440766084544e-15, 1.032917692527883e-15, 2.0459319469898664e-05, -1.8429501797105192e-06, -7.313093453673185e-09, 7.440449263153915e-10]   |
+------+---------------------------------------------------------------------------------------------------------------------------------------------------------------------------------------------------------------------------------------------------------------------------+
| C13  | [0.036083247313724684, -1.0464078867179776e-12, -1.0399963427459427e-14, 8.062238010875007e-11, -1.6045276984993474e-10, -1.4695650250876697e-15, 1.0534901379909875e-15, 2.0909181676419384e-05, -1.8554297669451122e-06, -6.329816454662312e-09, 7.440457950419744e-10] |
+------+---------------------------------------------------------------------------------------------------------------------------------------------------------------------------------------------------------------------------------------------------------------------------+
| C14  | [0.0503503260471544, -8.409702267016169e-13, -1.2253993606609094e-14, 6.353295937992691e-11, -1.7178131548002063e-10, -1.7207543079849144e-15, 1.0231501313929065e-15, 2.1505999244907303e-05, -1.8282619543009747e-06, -6.4758191329940755e-09, 7.433898699002589e-10]   |
+------+---------------------------------------------------------------------------------------------------------------------------------------------------------------------------------------------------------------------------------------------------------------------------+
| C15  | [0.04131070194697365, -1.0137281136236704e-12, -1.3003233136034709e-14, 7.956119588134497e-11, -1.6027922368878884e-10, -1.4822639726147034e-15, 1.0198386827802313e-15, 2.0158407531066398e-05, -1.835119911554764e-06, -7.953644694912195e-09, 7.44052119164044e-10]    |
+------+---------------------------------------------------------------------------------------------------------------------------------------------------------------------------------------------------------------------------------------------------------------------------+
| C16  | [-0.13651054430864523, -1.3963410521029743e-12, -6.879295722420292e-14, 4.4647249443731137e-11, -1.810705202753829e-10, -1.3255787220317128e-15, 8.033357194586213e-16, 2.1783784847694232e-05, -1.9315335435304432e-06, -9.032500349900794e-09, 7.773722531687259e-10]   |
+------+---------------------------------------------------------------------------------------------------------------------------------------------------------------------------------------------------------------------------------------------------------------------------+
| C17  | [0.052109503022802, -9.88592321879981e-13, -9.641079583944745e-15, 8.146078666930978e-11, -1.5917227622127854e-10, -1.4946366828584041e-15, 1.0328911851232977e-15, 2.0077429165490923e-05, -1.829240610724755e-06, -7.870489005802866e-09, 7.420414275829894e-10]        |
+------+---------------------------------------------------------------------------------------------------------------------------------------------------------------------------------------------------------------------------------------------------------------------------+
| C18  | [0.06891531504574777, -1.0287766298900422e-12, -2.295364156375044e-14, 9.566412877535375e-11, -1.4190068085572775e-10, -1.021629545276754e-15, 1.033339735260536e-15, 1.9751652727977843e-05, -1.8387838481105752e-06, -6.366621706604675e-09, 7.437805010138905e-10]     |
+------+---------------------------------------------------------------------------------------------------------------------------------------------------------------------------------------------------------------------------------------------------------------------------+
| C19  | [-0.1231814114127211, -1.3685625918839406e-12, -6.486444712886359e-14, 4.739660101476161e-11, -1.7931565820078816e-10, -1.3309186349763576e-15, 8.192868234514797e-16, 2.1660850645513402e-05, -1.924557411128089e-06, -8.931429157474235e-09, 7.749416984076291e-10]     |
+------+---------------------------------------------------------------------------------------------------------------------------------------------------------------------------------------------------------------------------------------------------------------------------+


+------+---------------------------------------------------------------------------------------------------------------------------------------------------------------------------------------------------------------------------------------------------------------------------+--------+
| id   | vec                                                                                                                                                                                                                                                                       | mut?   |
+======+===========================================================================================================================================================================================================================================================================+========+
| M0   | [0.07144470438737868, -1.119955952479052e-12, -2.234254875776415e-14, 7.518054647321033e-11, -1.363149393789821e-10, -1.171865621470783e-15, 1.0363630046234666e-15, 1.7517805652149366e-05, -1.643820608253183e-06, -6.2166620304727474e-09, 6.581384284971805e-10]      | False  |
+------+---------------------------------------------------------------------------------------------------------------------------------------------------------------------------------------------------------------------------------------------------------------------------+--------+
| M1   | [0.04089673378121227, -1.0117081002184981e-12, -1.2994472471499564e-14, 7.937378184676173e-11, -1.604137146808921e-10, -1.485052578582483e-15, 1.0198774026946e-15, 2.0174164573336113e-05, -1.8350397232297526e-06, -7.936364861853528e-09, 7.44044375654244e-10]        | True   |
+------+---------------------------------------------------------------------------------------------------------------------------------------------------------------------------------------------------------------------------------------------------------------------------+--------+
| M2   | [0.06823780246382927, -1.0221175477528735e-12, -2.0802273278849015e-14, 7.584115282218133e-11, -1.7050722853261406e-10, -1.4070548309921671e-15, 1.0079887425227441e-15, 1.9955787895779288e-05, -1.8346863865063723e-06, -7.996385397921462e-09, 7.434762333810168e-10]  | True   |
+------+---------------------------------------------------------------------------------------------------------------------------------------------------------------------------------------------------------------------------------------------------------------------------+--------+
| M3   | [0.08046122949040725, -1.1136075369327564e-12, -2.1141910346084682e-14, 7.125326979584275e-11, -1.3481529834970585e-10, -1.1537019686794007e-15, 1.02110463800243e-15, 1.6932113369328485e-05, -1.620334907075895e-06, -6.0957832884010104e-09, 6.528257520565375e-10]    | True   |
+------+---------------------------------------------------------------------------------------------------------------------------------------------------------------------------------------------------------------------------------------------------------------------------+--------+
| M4   | [-0.11817970161890119, -1.3592565367143253e-12, -6.366368036935533e-14, 4.789226527586557e-11, -1.7945821410855167e-10, -1.338023032549327e-15, 8.239738233208918e-16, 2.1618171612668106e-05, -1.922112106312563e-06, -8.928023763069466e-09, 7.74100446853909e-10]      | False  |
+------+---------------------------------------------------------------------------------------------------------------------------------------------------------------------------------------------------------------------------------------------------------------------------+--------+
| M5   | [0.0585213289628015, -1.0360862848030052e-12, -2.330685720537812e-14, 7.468314181259493e-11, -1.7087809623983168e-10, -1.4041946247504736e-15, 1.0003644210891711e-15, 2.002466572296022e-05, -1.8383087112192547e-06, -8.03498612870213e-09, 7.447450916245789e-10]      | True   |
+------+---------------------------------------------------------------------------------------------------------------------------------------------------------------------------------------------------------------------------------------------------------------------------+--------+
| M6   | [0.07361502801468481, -1.0522935423454853e-12, -1.9130152288104575e-14, 6.954653495897632e-11, -1.4742239343450159e-10, -1.2815476899154405e-15, 1.0215593144015187e-15, 1.8234878603204773e-05, -1.667463286023651e-06, -6.185803444520753e-09, 6.733466968812883e-10]   | True   |
+------+---------------------------------------------------------------------------------------------------------------------------------------------------------------------------------------------------------------------------------------------------------------------------+--------+
| M7   | [0.05709082953023861, -9.043042346940603e-13, -1.4274512329124348e-14, 6.542710825137658e-11, -1.6330187381120014e-10, -1.5901199807810949e-15, 1.022656735079449e-15, 2.053660533221882e-05, -1.7137041233595913e-06, -6.403078809933e-09, 7.228766685853081e-10]        | True   |
+------+---------------------------------------------------------------------------------------------------------------------------------------------------------------------------------------------------------------------------------------------------------------------------+--------+
| M8   | [0.02324156296553284, -1.0614581814434209e-12, -1.6471313124840162e-14, 7.604213783598347e-11, -1.2230497195372427e-10, -1.4590851271948054e-15, 1.2266650381871037e-15, 2.0392824665652627e-05, -1.8233044248192498e-06, -8.624222024432592e-09, 7.167644117506565e-10]  | False  |
+------+---------------------------------------------------------------------------------------------------------------------------------------------------------------------------------------------------------------------------------------------------------------------------+--------+
| M9   | [0.08182819594004698, -1.1144988173042776e-12, -2.1221735141377253e-14, 7.117142364365294e-11, -1.350291113154354e-10, -1.1484826900819208e-15, 1.0175914220071899e-15, 1.7228061923248557e-05, -1.616865971640658e-06, -6.052569948660328e-09, 6.517329816506141e-10]    | True   |
+------+---------------------------------------------------------------------------------------------------------------------------------------------------------------------------------------------------------------------------------------------------------------------------+--------+
| M10  | [0.1079861028152531, -9.537554252631213e-13, -1.4245170290355798e-14, 1.0691928249886176e-10, -1.3324715966117508e-10, -9.73567547283569e-16, 1.1063352638434942e-15, 1.974553316935059e-05, -1.8433109471473784e-06, -5.54247974329572e-09, 7.366900833322951e-10]       | True   |
+------+---------------------------------------------------------------------------------------------------------------------------------------------------------------------------------------------------------------------------------------------------------------------------+--------+
| M11  | [0.049584194321066574, -8.417233333457106e-13, -1.2240079851790676e-14, 6.322627420894349e-11, -1.7208603103935765e-10, -1.726479957230408e-15, 1.0223473664011302e-15, 2.1510197784053054e-05, -1.8281709328760395e-06, -6.503971930502921e-09, 7.43474332599339e-10]    | False  |
+------+---------------------------------------------------------------------------------------------------------------------------------------------------------------------------------------------------------------------------------------------------------------------------+--------+
| M12  | [0.039347367016421685, -1.0251701189776464e-12, -1.1987914998237531e-14, 7.98581840555701e-11, -1.6042886640000432e-10, -1.4790440766084544e-15, 1.032917692527883e-15, 2.0459319469898664e-05, -1.8429501797105192e-06, -7.313093453673185e-09, 7.676339552141659e-10]   | True   |
+------+---------------------------------------------------------------------------------------------------------------------------------------------------------------------------------------------------------------------------------------------------------------------------+--------+
| M13  | [0.036083247313724684, -1.0464078867179776e-12, -1.0399963427459427e-14, 8.062238010875007e-11, -1.6045276984993474e-10, -1.4695650250876697e-15, 1.0038833934025524e-15, 2.0909181676419384e-05, -1.8554297669451122e-06, -6.329816454662312e-09, 7.440457950419744e-10] | True   |
+------+---------------------------------------------------------------------------------------------------------------------------------------------------------------------------------------------------------------------------------------------------------------------------+--------+
| M14  | [0.0503503260471544, -8.409702267016169e-13, -1.2253993606609094e-14, 6.353295937992691e-11, -1.7178131548002063e-10, -1.7526421786717257e-15, 1.0231501313929065e-15, 2.1505999244907303e-05, -1.8282619543009747e-06, -6.4758191329940755e-09, 7.433898699002589e-10]   | True   |
+------+---------------------------------------------------------------------------------------------------------------------------------------------------------------------------------------------------------------------------------------------------------------------------+--------+
| M15  | [0.04131070194697365, -1.0137281136236704e-12, -1.2537619253106434e-14, 7.956119588134497e-11, -1.6027922368878884e-10, -1.4822639726147034e-15, 1.0198386827802313e-15, 2.0158407531066398e-05, -1.835119911554764e-06, -7.953644694912195e-09, 7.44052119164044e-10]    | True   |
+------+---------------------------------------------------------------------------------------------------------------------------------------------------------------------------------------------------------------------------------------------------------------------------+--------+
| M16  | [-0.13651054430864523, -1.3963410521029743e-12, -6.879295722420292e-14, 4.4647249443731137e-11, -1.810705202753829e-10, -1.3255787220317128e-15, 8.033357194586213e-16, 2.1783784847694232e-05, -1.867985038783987e-06, -9.032500349900794e-09, 7.773722531687259e-10]    | True   |
+------+---------------------------------------------------------------------------------------------------------------------------------------------------------------------------------------------------------------------------------------------------------------------------+--------+
| M17  | [0.052109503022802, -9.88592321879981e-13, -9.641079583944745e-15, 8.146078666930978e-11, -1.5917227622127854e-10, -1.4946366828584041e-15, 1.0328911851232977e-15, 2.0077429165490923e-05, -1.8605135924128038e-06, -7.870489005802866e-09, 7.420414275829894e-10]       | True   |
+------+---------------------------------------------------------------------------------------------------------------------------------------------------------------------------------------------------------------------------------------------------------------------------+--------+
| M18  | [0.06891531504574777, -1.0287766298900422e-12, -2.295364156375044e-14, 9.566412877535375e-11, -1.4190068085572775e-10, -1.021629545276754e-15, 1.033339735260536e-15, 1.9751652727977843e-05, -1.8387838481105752e-06, -6.366621706604675e-09, 7.608922359732318e-10]     | True   |
+------+---------------------------------------------------------------------------------------------------------------------------------------------------------------------------------------------------------------------------------------------------------------------------+--------+
| M19  | [-0.1231814114127211, -1.3685625918839406e-12, -6.486444712886359e-14, 4.739660101476161e-11, -1.7931565820078816e-10, -1.3309186349763576e-15, 8.192868234514797e-16, 2.1738265132259e-05, -1.924557411128089e-06, -8.931429157474235e-09, 7.749416984076291e-10]        | True   |
+------+---------------------------------------------------------------------------------------------------------------------------------------------------------------------------------------------------------------------------------------------------------------------------+--------+